% RGB colours
white = [255 255 255];
black = [0 0 0];
red = [0 1000 1000];
green = [1000 0 1000];
blue = [1000 1000 0];
grey = [500 500 500];